replicate	number_of_strains	number_of_orthologous_cluster	sd
all_Core	1	5229.98	326.215480319
all_Pan	1	5229.98	326.215480319
all_Core	2	3400.71	849.601992641
all_Pan	2	7101.24	1101.46923806
all_Core	3	2780.43	725.9069948
all_Pan	3	8559.22	1207.83008391
all_Core	4	2550.82	655.256718851
all_Pan	4	9506.48	1283.19312249
all_Core	5	2359.83	561.39633157
all_Pan	5	10436.97	1232.04453211
all_Core	6	2165.62	445.905097078
all_Pan	6	11372.22	1172.66714442
all_Core	7	2065.4	390.33808423
all_Pan	7	12176.71	1148.82833613
all_Core	8	2009.92	358.951296975
all_Pan	8	12773.63	1113.34393298
all_Core	9	1953.4	334.29184854
all_Pan	9	13387.56	1115.45181268
all_Core	10	1866.48	310.981526139
all_Pan	10	13953.37	1057.36092849
all_Core	11	1805.93	292.8594972
all_Pan	11	14581.32	1003.23909294
all_Core	12	1777.51	287.211611708
all_Pan	12	15116.13	1031.18682745
all_Core	13	1751.84	281.394304136
all_Pan	13	15631.85	1025.87801785
all_Core	14	1693.44	262.390484584
all_Pan	14	16172.19	947.818154447
all_Core	15	1661.84	284.310172875
all_Pan	15	16601.51	938.570151827
all_Core	16	1623.07	310.235241551
all_Pan	16	17118.0	854.038956957
all_Core	17	1599.75	313.022886543
all_Pan	17	17550.7	834.841535862
all_Core	18	1588.6	312.199071107
all_Pan	18	17940.29	829.99381076
all_Core	19	1559.57	306.096431047
all_Pan	19	18332.64	840.736790202
all_Core	20	1548.77	302.26282785
all_Pan	20	18678.94	853.510478202
all_Core	21	1535.16	297.76429336
all_Pan	21	19036.68	849.227106021
all_Core	22	1516.17	293.487923261
all_Pan	22	19438.92	845.827484538
all_Core	23	1503.36	291.196446407
all_Pan	23	19792.66	845.684731091
all_Core	24	1475.62	309.171789787
all_Pan	24	20125.93	875.585452769
all_Core	25	1458.94	308.861257525
all_Pan	25	20495.48	909.556534582
all_Core	26	1446.63	306.711318833
all_Pan	26	20816.4	881.85697253
all_Core	27	1432.28	301.913235218
all_Pan	27	21164.05	883.4040794
all_Core	28	1412.41	318.60364389
all_Pan	28	21485.57	894.707519304
all_Core	29	1388.41	314.101610789
all_Pan	29	21808.75	842.725345234
all_Core	30	1377.37	309.259944222
all_Pan	30	22109.19	854.827768559
all_Core	31	1361.81	305.533457906
all_Pan	31	22432.63	847.864419055
all_Core	32	1353.87	302.11622449
all_Pan	32	22706.95	839.616571716
all_Core	33	1346.47	299.471015459
all_Pan	33	22994.36	855.459391438
all_Core	34	1328.93	312.588075748
all_Pan	34	23250.0	845.49469543
all_Core	35	1315.01	308.765817247
all_Pan	35	23515.29	871.882988652
all_Core	36	1307.46	308.035141502
all_Pan	36	23778.82	867.435258449
all_Core	37	1298.02	307.702453029
all_Pan	37	24050.41	891.625023146
all_Core	38	1282.07	319.179017324
all_Pan	38	24295.07	870.899503445
all_Core	39	1270.63	316.048023408
all_Pan	39	24552.98	875.579430777
all_Core	40	1266.91	316.316774611
all_Pan	40	24797.38	879.410845737
all_Core	41	1246.1	324.512942731
all_Pan	41	25038.57	871.808032253
all_Core	42	1239.91	321.624162494
all_Pan	42	25261.01	858.251891871
all_Core	43	1221.11	330.115279713
all_Pan	43	25512.37	871.047193383
all_Core	44	1212.32	327.229059834
all_Pan	44	25741.36	868.034867042
all_Core	45	1202.93	323.522711877
all_Pan	45	25961.52	870.98272635
all_Core	46	1197.08	321.637923137
all_Pan	46	26190.67	858.511223631
all_Core	47	1185.0	332.820131603
all_Pan	47	26436.33	874.344875378
all_Core	48	1178.5	331.413955651
all_Pan	48	26649.26	884.935337977
all_Core	49	1167.75	327.168133381
all_Pan	49	26869.9	866.494448915
all_Core	50	1162.77	326.052660011
all_Pan	50	27065.19	860.864399252
all_Core	51	1157.67	325.066056518
all_Pan	51	27262.95	846.71302547
all_Core	52	1146.3	320.330407548
all_Pan	52	27485.78	854.823462242
all_Core	53	1139.39	318.311165214
all_Pan	53	27706.77	853.21224622
all_Core	54	1131.62	316.548346386
all_Pan	54	27921.91	853.361132171
all_Core	55	1127.45	315.66958596
all_Pan	55	28133.88	857.76361872
all_Core	56	1121.91	314.610269858
all_Pan	56	28335.68	848.348995166
all_Core	57	1114.46	312.674924482
all_Pan	57	28532.16	850.047560081
all_Core	58	1109.64	310.214716608
all_Pan	58	28724.83	824.712932541
all_Core	59	1093.32	316.43589809
all_Pan	59	28907.47	843.003054028
all_Core	60	1088.65	315.050420568
all_Pan	60	29108.85	847.042435478
all_Core	61	1083.69	313.486800201
all_Pan	61	29292.05	870.276489111
all_Core	62	1079.98	312.559017787
all_Pan	62	29500.13	877.048238753
all_Core	63	1064.62	318.016281973
all_Pan	63	29684.63	866.430397147
all_Core	64	1057.11	316.349360518
all_Pan	64	29864.74	889.736102673
all_Core	65	1042.46	322.663583938
all_Pan	65	30072.97	887.523638615
all_Core	66	1038.16	321.809469096
all_Pan	66	30244.8	897.023422214
all_Core	67	1027.32	330.095679463
all_Pan	67	30424.7	889.386153479
all_Core	68	1023.09	329.157138613
all_Pan	68	30600.28	884.869968752
all_Core	69	1011.85	322.277531795
all_Pan	69	30795.92	894.957682575
all_Core	70	1007.78	320.371895771
all_Pan	70	30962.14	915.515308665
all_Core	71	1005.04	319.776951014
all_Pan	71	31131.66	915.423631113
all_Core	72	999.35	317.259716163
all_Pan	72	31299.18	909.77751544
all_Core	73	996.18	316.688912973
all_Pan	73	31459.9	915.871732286
all_Core	74	990.49	313.736911918
all_Pan	74	31619.34	920.101877185
all_Core	75	986.55	315.297268463
all_Pan	75	31798.82	914.203121631
all_Core	76	980.68	311.738636681
all_Pan	76	31941.04	918.802350019
all_Core	77	968.49	317.380953902
all_Pan	77	32113.86	933.255817233
all_Core	78	964.64	316.549475438
all_Pan	78	32269.17	934.94709
all_Core	79	949.52	321.287829835
all_Pan	79	32453.62	930.282481615
all_Core	80	943.08	317.40493632
all_Pan	80	32603.95	932.36943724
all_Core	81	933.44	323.430435179
all_Pan	81	32752.5	944.93762228
all_Core	82	927.73	322.40325231
all_Pan	82	32922.66	950.052453499
all_Core	83	921.92	319.796268896
all_Pan	83	33090.64	950.198647863
all_Core	84	919.8	319.437756065
all_Pan	84	33249.56	939.089157855
all_Core	85	915.35	317.029758067
all_Pan	85	33419.94	952.191680493
all_Core	86	904.26	321.097917153
all_Pan	86	33565.89	955.737128033
all_Core	87	900.69	319.573925563
all_Pan	87	33729.94	953.785917489
all_Core	88	895.95	317.481034867
all_Pan	88	33899.11	955.610808802
all_Core	89	888.39	312.764636588
all_Pan	89	34054.57	946.855271464
all_Core	90	884.5	310.807544953
all_Pan	90	34200.65	950.302061189
all_Core	91	882.09	310.056256025
all_Pan	91	34330.77	943.152531195
all_Core	92	878.02	307.610337278
all_Pan	92	34476.63	927.672104302
all_Core	93	874.53	306.041580672
all_Pan	93	34615.74	922.327529894
all_Core	94	871.52	304.975818058
all_Pan	94	34760.88	936.043431471
all_Core	95	869.22	303.806898539
all_Pan	95	34901.22	925.940382314
all_Core	96	866.36	302.198660487
all_Pan	96	35022.1	922.438469493
all_Core	97	862.92	300.849652817
all_Pan	97	35170.53	946.236603128
all_Core	98	859.75	299.633221623
all_Pan	98	35296.24	959.195851951
all_Core	99	856.36	298.541371337
all_Pan	99	35440.64	974.286492978
all_Core	100	848.51	295.329866251
all_Pan	100	35581.47	986.260578701
all_Core	101	836.92	297.745585358
all_Pan	101	35725.04	979.461851427
all_Core	102	834.1	296.959138603
all_Pan	102	35862.93	970.914612672
all_Core	103	831.1	295.544429824
all_Pan	103	36004.7	969.110587085
all_Core	104	827.47	294.272678141
all_Pan	104	36140.43	972.67108783
all_Core	105	823.81	291.958445502
all_Pan	105	36275.16	965.33576252
all_Core	106	821.2	291.401235413
all_Pan	106	36408.68	976.729889785
all_Core	107	817.96	290.097084439
all_Pan	107	36555.12	973.16804592
all_Core	108	813.65	288.410969798
all_Pan	108	36686.26	970.120596833
all_Core	109	807.48	284.356096471
all_Pan	109	36821.63	960.030298011
all_Core	110	805.91	283.929043777
all_Pan	110	36952.28	975.477883706
all_Core	111	803.76	283.313187833
all_Pan	111	37074.53	978.85378331
all_Core	112	799.66	281.733569885
all_Pan	112	37191.9	964.907720976
all_Core	113	789.59	284.786554985
all_Pan	113	37319.3	957.98249984
all_Core	114	780.85	288.934330774
all_Pan	114	37447.53	949.350161479
all_Core	115	778.9	288.224721355
all_Pan	115	37576.24	931.254155642
all_Core	116	776.89	287.660803552
all_Pan	116	37698.92	942.477890245
all_Core	117	774.56	286.967953612
all_Pan	117	37823.99	942.043178363
all_Core	118	771.54	285.441006865
all_Pan	118	37947.42	954.447182195
all_Core	119	770.22	284.798861655
all_Pan	119	38072.19	928.285179188
all_Core	120	768.07	284.009762332
all_Pan	120	38178.93	928.121126308
all_Core	121	760.12	288.479575707
all_Pan	121	38303.89	938.311269196
all_Core	122	751.04	291.130380414
all_Pan	122	38416.26	943.0539817
all_Core	123	748.8	290.626805371
all_Pan	123	38535.49	923.250621392
all_Core	124	743.06	288.105772938
all_Pan	124	38650.26	913.667243804
all_Core	125	726.43	293.230020803
all_Pan	125	38774.48	911.818517908
all_Core	126	724.97	292.628653928
all_Pan	126	38891.76	920.146630924
all_Core	127	717.75	296.522018575
all_Pan	127	39009.0	926.791670226
all_Core	128	716.28	295.849964678
all_Pan	128	39118.23	928.14308008
all_Core	129	715.05	295.329963769
all_Pan	129	39234.38	927.387424758
all_Core	130	713.33	294.85311784
all_Pan	130	39348.07	934.004317495
all_Core	131	711.86	295.151826015
all_Pan	131	39450.15	935.61685935
all_Core	132	710.2	295.334115876
all_Pan	132	39563.61	927.765022999
all_Core	133	707.15	293.829827451
all_Pan	133	39671.28	928.869539602
all_Core	134	704.15	292.559408497
all_Pan	134	39800.5	926.740260267
all_Core	135	703.12	292.15305167
all_Pan	135	39914.83	917.98740792
all_Core	136	694.7	294.196108064
all_Pan	136	40039.45	918.570719923
all_Core	137	692.23	292.629453576
all_Pan	137	40152.17	919.07886555
all_Core	138	690.47	291.673223145
all_Pan	138	40250.84	925.630236325
all_Core	139	687.49	290.472838489
all_Pan	139	40367.36	915.290462312
all_Core	140	685.19	289.766205587
all_Pan	140	40484.52	930.182600138
all_Core	141	683.62	289.749642968
all_Pan	141	40590.64	931.611544798
all_Core	142	682.4	289.476527546
all_Pan	142	40693.7	917.090742511
all_Core	143	680.84	288.977982552
all_Pan	143	40799.51	917.798523588
all_Core	144	679.29	288.521898476
all_Pan	144	40906.87	891.021331451
all_Core	145	677.52	288.121206439
all_Pan	145	41005.03	901.591542274
all_Core	146	667.83	287.766434978
all_Pan	146	41113.15	909.325523396
all_Core	147	660.18	290.154902767
all_Pan	147	41219.75	900.575042681
all_Core	148	658.61	289.433753906
all_Pan	148	41329.51	903.937027619
all_Core	149	657.01	288.698787493
all_Pan	149	41423.38	906.029842555
all_Core	150	654.61	287.355594865
all_Pan	150	41538.01	897.688080516
all_Core	151	652.46	286.22195653
all_Pan	151	41641.07	913.77591624
all_Core	152	651.46	285.912413861
all_Pan	152	41740.85	912.11267259
all_Core	153	644.22	287.184281603
all_Pan	153	41849.25	905.325205382
all_Core	154	640.85	285.018573956
all_Pan	154	41961.14	888.930109964
all_Core	155	633.89	287.144454761
all_Pan	155	42053.25	897.413041748
all_Core	156	627.14	289.250100086
all_Pan	156	42160.5	890.27832165
all_Core	157	625.43	288.447543065
all_Pan	157	42266.49	871.487595953
all_Core	158	618.34	289.966695329
all_Pan	158	42362.42	879.970319727
all_Core	159	617.41	289.769325326
all_Pan	159	42468.42	865.464640294
all_Core	160	608.43	289.798973601
all_Pan	160	42569.63	875.114674257
all_Core	161	607.06	289.415266356
all_Pan	161	42662.27	874.104946274
all_Core	162	605.31	288.638586991
all_Pan	162	42769.18	872.256170858
all_Core	163	603.44	287.818773536
all_Pan	163	42856.35	867.080300491
all_Core	164	601.76	287.156442379
all_Pan	164	42950.75	869.896975222
all_Core	165	600.39	286.401707223
all_Pan	165	43045.31	866.006105002
all_Core	166	598.4	285.242212865
all_Pan	166	43140.66	859.197814476
all_Core	167	597.21	284.5446993
all_Pan	167	43245.79	850.791047144
all_Core	168	595.31	283.568711074
all_Pan	168	43345.5	839.334111067
all_Core	169	594.5	283.142561266
all_Pan	169	43446.51	840.056492088
all_Core	170	585.7	282.341477647
all_Pan	170	43556.16	834.832434923
all_Core	171	584.01	281.652711508
all_Pan	171	43663.43	832.292920251
all_Core	172	582.75	280.864464644
all_Pan	172	43748.17	828.009529595
all_Core	173	575.96	281.978755228
all_Pan	173	43841.69	820.174599643
all_Core	174	575.14	281.538346234
all_Pan	174	43932.3	819.307933563
all_Core	175	574.5	281.133758201
all_Pan	175	44017.96	825.751692944
all_Core	176	568.36	282.649058728
all_Pan	176	44109.89	830.119773226
all_Core	177	562.44	284.295737569
all_Pan	177	44207.75	838.606324505
all_Core	178	561.43	284.013635412
all_Pan	178	44299.5	839.606794875
all_Core	179	554.27	284.536354619
all_Pan	179	44400.9	834.967789798
all_Core	180	553.25	284.042650847
all_Pan	180	44498.59	837.326198026
all_Core	181	552.44	283.669678323
all_Pan	181	44583.34	839.664602326
all_Core	182	551.99	283.573112089
all_Pan	182	44667.78	833.444486214
all_Core	183	549.7	281.756969745
all_Pan	183	44759.85	826.785236624
all_Core	184	547.88	280.467049045
all_Pan	184	44853.8	833.38310518
all_Core	185	546.71	279.68554825
all_Pan	185	44943.37	829.627080742
all_Core	186	545.94	279.279817388
all_Pan	186	45033.69	831.450103073
all_Core	187	545.15	278.763892031
all_Pan	187	45121.5	830.238983667
all_Core	188	538.86	279.849245845
all_Pan	188	45211.71	827.29686685
all_Core	189	537.88	279.736957873
all_Pan	189	45301.02	824.929427042
all_Core	190	536.61	279.340612694
all_Pan	190	45387.53	824.37891112
all_Core	191	535.71	278.932905732
all_Pan	191	45472.98	822.411757941
all_Core	192	534.7	278.38388962
all_Pan	192	45573.93	818.984471831
all_Core	193	533.31	278.113634869
all_Pan	193	45665.84	821.701402214
all_Core	194	527.16	278.702734827
all_Pan	194	45755.19	818.872733641
all_Core	195	526.13	278.169540209
all_Pan	195	45842.91	812.668408331
all_Core	196	525.53	277.894960552
all_Pan	196	45925.79	813.651882503
all_Core	197	524.29	276.991490664
all_Pan	197	46016.18	822.910024
all_Core	198	516.97	276.044976589
all_Pan	198	46113.97	817.471644218
all_Core	199	515.34	274.963532855
all_Pan	199	46210.48	802.575435458
all_Core	200	513.19	273.193143948
all_Pan	200	46304.88	796.19225417
all_Core	201	507.5	273.958445754
all_Pan	201	46390.77	789.939666747
all_Core	202	506.48	273.338013456
all_Pan	202	46480.66	788.06237342
all_Core	203	506.14	273.213067769
all_Pan	203	46561.07	785.283837284
all_Core	204	504.96	272.732980037
all_Pan	204	46634.18	782.862585388
all_Core	205	504.13	272.23429817
all_Pan	205	46727.52	770.751250145
all_Core	206	497.11	271.573411622
all_Pan	206	46807.61	773.008407393
all_Core	207	496.6	271.446716687
all_Pan	207	46884.56	771.27781402
all_Core	208	495.26	270.271035074
all_Pan	208	46964.83	766.464546538
all_Core	209	488.55	269.911295614
all_Pan	209	47050.96	760.141222669
all_Core	210	487.51	269.715201463
all_Pan	210	47128.79	759.262922774
all_Core	211	486.48	269.019571035
all_Pan	211	47215.32	743.36716204
all_Core	212	480.42	268.95108031
all_Pan	212	47299.36	733.427522254
all_Core	213	479.75	268.810207209
all_Pan	213	47381.99	727.831113583
all_Core	214	478.56	268.277741156
all_Pan	214	47467.3	722.616558072
all_Core	215	477.95	267.768122636
all_Pan	215	47551.18	711.760512813
all_Core	216	476.98	267.190904785
all_Pan	216	47625.71	710.161577319
all_Core	217	475.74	266.272102181
all_Pan	217	47705.01	716.083772962
all_Core	218	474.51	265.500677777
all_Pan	218	47788.07	716.702173221
all_Core	219	473.51	265.209973229
all_Pan	219	47871.73	712.171971577
all_Core	220	467.68	265.259528764
all_Pan	220	47957.96	710.057897921
all_Core	221	465.92	263.866810342
all_Pan	221	48042.16	710.016150802
all_Core	222	459.15	262.706847075
all_Pan	222	48127.44	708.067995605
all_Core	223	452.32	261.389168865
all_Pan	223	48211.37	698.187161942
all_Core	224	451.34	260.735506596
all_Pan	224	48288.9	695.000352518
all_Core	225	450.78	260.398063741
all_Pan	225	48362.42	696.935695455
all_Core	226	448.42	258.660711358
all_Pan	226	48440.54	686.151505427
all_Core	227	448.03	258.503247755
all_Pan	227	48515.48	685.363706071
all_Core	228	447.28	258.225021251
all_Pan	228	48586.61	677.520566404
all_Core	229	442.25	258.783398811
all_Pan	229	48663.9	676.388564362
all_Core	230	431.2	258.191827911
all_Pan	230	48744.86	677.243900231
all_Core	231	430.22	257.215263155
all_Pan	231	48819.21	674.236594898
all_Core	232	428.66	255.989813079
all_Pan	232	48901.53	659.271756638
all_Core	233	427.17	254.551136513
all_Pan	233	48986.96	649.193945135
all_Core	234	426.81	254.525075189
all_Pan	234	49065.68	654.616847935
all_Core	235	425.9	253.819955874
all_Pan	235	49143.76	656.139194379
all_Core	236	419.21	252.054807334
all_Pan	236	49221.14	658.239455214
all_Core	237	418.34	251.445788193
all_Pan	237	49298.52	667.184404494
all_Core	238	417.47	250.599938348
all_Pan	238	49369.29	670.11302472
all_Core	239	416.86	250.364255436
all_Pan	239	49445.04	669.664138505
all_Core	240	416.15	250.185985819
all_Pan	240	49517.68	670.513980167
all_Core	241	415.06	249.521575019
all_Pan	241	49592.87	666.139619825
all_Core	242	414.33	249.078985665
all_Pan	242	49667.66	662.559977964
all_Core	243	413.22	248.505033349
all_Pan	243	49741.75	670.135365057
all_Core	244	412.61	248.110334126
all_Pan	244	49814.1	670.443726199
all_Core	245	411.13	247.088795982
all_Pan	245	49897.9	669.73614954
all_Core	246	409.84	246.091109957
all_Pan	246	49978.13	661.550990552
all_Core	247	408.99	245.455841039
all_Pan	247	50050.74	657.272129639
all_Core	248	407.89	244.682565582
all_Pan	248	50128.39	645.88994256
all_Core	249	406.83	243.704864744
all_Pan	249	50205.64	643.393993133
all_Core	250	406.02	243.235564012
all_Pan	250	50283.21	646.736767085
all_Core	251	404.44	241.86724954
all_Pan	251	50349.36	651.973289637
all_Core	252	404.15	241.690768338
all_Pan	252	50427.19	658.500595216
all_Core	253	402.96	241.04995001
all_Pan	253	50507.43	658.156656959
all_Core	254	397.79	240.79403211
all_Pan	254	50577.08	655.912443547
all_Core	255	396.17	239.632178766
all_Pan	255	50657.8	660.595821967
all_Core	256	390.72	239.294884191
all_Pan	256	50735.18	655.786586932
all_Core	257	380.06	236.933147533
all_Pan	257	50819.61	649.923624667
all_Core	258	379.55	236.6127374
all_Pan	258	50888.99	646.357648597
all_Core	259	379.16	236.558353055
all_Pan	259	50960.35	642.537646757
all_Core	260	378.72	236.268706349
all_Pan	260	51038.49	629.864374211
all_Core	261	372.89	234.330061879
all_Pan	261	51123.22	620.971103676
all_Core	262	367.28	232.900969513
all_Pan	262	51201.43	622.047220957
all_Core	263	366.96	232.702768355
all_Pan	263	51275.91	622.538996289
all_Core	264	366.64	232.38001291
all_Pan	264	51347.62	626.431652776
all_Core	265	365.6	231.40531541
all_Pan	265	51419.64	631.685436273
all_Core	266	365.19	231.183939537
all_Pan	266	51494.0	622.125389291
all_Core	267	364.2	230.329155775
all_Pan	267	51569.66	635.056363168
all_Core	268	363.16	229.495303656
all_Pan	268	51642.73	629.975155939
all_Core	269	362.71	229.149614663
all_Pan	269	51715.2	631.768660191
all_Core	270	361.86	228.347017497
all_Pan	270	51786.49	624.586671247
all_Core	271	361.46	228.072375355
all_Pan	271	51862.54	630.392265498
all_Core	272	360.14	226.735838367
all_Pan	272	51927.08	624.533356675
all_Core	273	359.19	225.868753704
all_Pan	273	51992.5	625.42765369
all_Core	274	358.71	225.707257083
all_Pan	274	52056.27	624.951755818
all_Core	275	357.84	224.977675337
all_Pan	275	52127.22	621.422763986
all_Core	276	356.68	223.923195761
all_Pan	276	52202.71	608.738339437
all_Core	277	356.2	223.415308339
all_Pan	277	52279.1	611.585161691
all_Core	278	355.89	223.346542172
all_Pan	278	52352.39	606.008744079
all_Core	279	355.35	222.929332973
all_Pan	279	52421.79	604.84046318
all_Core	280	354.63	222.220910582
all_Pan	280	52489.99	605.987598801
all_Core	281	353.88	221.455832165
all_Pan	281	52560.44	610.683507555
all_Core	282	353.41	221.125579479
all_Pan	282	52623.97	615.478731639
all_Core	283	348.55	219.842870023
all_Pan	283	52694.53	609.437633479
all_Core	284	347.65	219.28289377
all_Pan	284	52774.75	596.379818153
all_Core	285	347.24	218.901627221
all_Pan	285	52844.32	601.674079216
all_Core	286	346.78	218.663969597
all_Pan	286	52922.09	605.883802309
all_Core	287	346.57	218.513169168
all_Pan	287	52981.05	612.175536509
all_Core	288	346.06	218.257179492
all_Pan	288	53049.17	612.474228927
all_Core	289	345.42	217.933117263
all_Pan	289	53121.48	622.503276779
all_Core	290	345.06	217.958886949
all_Pan	290	53183.74	623.756276441
all_Core	291	344.71	217.731912911
all_Pan	291	53254.17	625.414391504
all_Core	292	344.15	217.429822012
all_Pan	292	53328.83	632.465573055
all_Core	293	343.9	217.181698124
all_Pan	293	53385.49	629.882806481
all_Core	294	343.01	216.670371532
all_Pan	294	53448.97	623.681688925
all_Core	295	342.82	216.529876922
all_Pan	295	53512.65	624.688360305
all_Core	296	342.25	216.455139694
all_Pan	296	53572.25	628.095540105
all_Core	297	341.49	215.744918596
all_Pan	297	53632.15	626.876469091
all_Core	298	340.98	215.710592229
all_Pan	298	53698.74	628.380006366
all_Core	299	340.64	215.569224149
all_Pan	299	53763.13	629.128677696
all_Core	300	340.07	214.908271362
all_Pan	300	53827.79	632.972405323
all_Core	301	334.67	213.180114223
all_Pan	301	53896.84	622.878217953
all_Core	302	329.39	210.990421347
all_Pan	302	53961.76	618.614760897
all_Core	303	328.97	211.130028892
all_Pan	303	54019.96	614.70971881
all_Core	304	323.5	208.793414647
all_Pan	304	54090.89	607.142255077
all_Core	305	323.1	208.653804183
all_Pan	305	54156.33	618.552714892
all_Core	306	322.54	208.37050751
all_Pan	306	54212.8	613.735757472
all_Core	307	317.33	205.799808309
all_Pan	307	54280.67	615.176821004
all_Core	308	316.79	205.876967872
all_Pan	308	54346.86	609.029835394
all_Core	309	316.4	205.685828389
all_Pan	309	54419.79	615.483213337
all_Core	310	316.04	205.736964107
all_Pan	310	54483.85	618.900094926
all_Core	311	315.86	205.617558589
all_Pan	311	54548.58	621.460910758
all_Core	312	315.08	204.965737625
all_Pan	312	54612.08	618.331524023
all_Core	313	313.92	203.755376862
all_Pan	313	54678.47	600.448656506
all_Core	314	313.56	203.70818933
all_Pan	314	54747.26	597.797517894
all_Core	315	313.01	203.253019412
all_Pan	315	54808.89	600.334238487
all_Core	316	312.76	203.032958901
all_Pan	316	54875.81	598.447853952
all_Core	317	312.49	202.845137728
all_Pan	317	54952.55	599.373228882
all_Core	318	307.34	200.647413141
all_Pan	318	55018.42	604.287004328
all_Core	319	306.1	199.390947638
all_Pan	319	55076.92	602.084955467
all_Core	320	305.51	198.941121692
all_Pan	320	55130.81	607.09456751
all_Core	321	304.36	197.830205985
all_Pan	321	55191.85	609.074221668
all_Core	322	304.1	197.740764639
all_Pan	322	55246.03	609.120783671
all_Core	323	299.39	195.568703785
all_Pan	323	55310.17	605.61704162
all_Core	324	298.89	195.268988577
all_Pan	324	55370.63	606.280556426
all_Core	325	298.4	195.106637509
all_Pan	325	55434.14	608.179085796
all_Core	326	297.84	194.657839298
all_Pan	326	55496.46	611.920508236
all_Core	327	297.46	194.454849258
all_Pan	327	55557.77	605.254208659
all_Core	328	297.13	194.132617301
all_Pan	328	55613.6	605.04685769
all_Core	329	292.31	191.919290067
all_Pan	329	55677.13	609.794484314
all_Core	330	286.7	187.990398691
all_Pan	330	55749.54	596.868568782
all_Core	331	286.29	187.7443099
all_Pan	331	55804.16	603.558691761
all_Core	332	285.95	187.688218863
all_Pan	332	55865.11	597.36569863
all_Core	333	285.47	187.20493877
all_Pan	333	55917.23	596.638531357
all_Core	334	284.84	186.718061258
all_Pan	334	55979.91	595.73732626
all_Core	335	283.89	185.502662784
all_Pan	335	56040.32	591.689105528
all_Core	336	283.48	185.228965337
all_Pan	336	56093.84	586.097239714
all_Core	337	283.12	184.999582702
all_Pan	337	56163.93	577.210780478
all_Core	338	282.79	184.957200184
all_Pan	338	56225.37	574.154363477
all_Core	339	282.47	184.65776209
all_Pan	339	56282.47	569.552955484
all_Core	340	281.87	184.32789561
all_Pan	340	56353.47	566.299734328
all_Core	341	281.38	184.149383925
all_Pan	341	56412.33	564.442185791
all_Core	342	280.96	184.029069443
all_Pan	342	56479.31	560.025029708
all_Core	343	280.23	183.220897007
all_Pan	343	56548.64	567.327004822
all_Core	344	279.75	183.165574003
all_Pan	344	56613.76	570.650543152
all_Core	345	279.21	182.535546949
all_Pan	345	56669.11	573.79536239
all_Core	346	278.82	182.445958026
all_Pan	346	56731.95	576.293247835
all_Core	347	277.93	181.988365287
all_Pan	347	56796.72	566.602737021
all_Core	348	276.66	180.549229852
all_Pan	348	56866.81	570.361125867
all_Core	349	276.09	180.393685865
all_Pan	349	56925.86	564.020549626
all_Core	350	275.41	179.753169374
all_Pan	350	56985.09	562.089692042
all_Core	351	274.89	179.620260271
all_Pan	351	57047.05	555.480105404
all_Core	352	274.55	179.412450794
all_Pan	352	57103.5	552.670435251
all_Core	353	274.18	179.497709178
all_Pan	353	57159.29	556.197685989
all_Core	354	273.72	179.135930511
all_Pan	354	57215.69	566.801441335
all_Core	355	273.46	178.980636942
all_Pan	355	57277.67	574.499800783
all_Core	356	272.08	178.129990737
all_Pan	356	57338.6	577.144834509
all_Core	357	267.86	176.348066051
all_Pan	357	57405.44	572.279972042
all_Core	358	266.96	175.702528155
all_Pan	358	57462.49	567.540685678
all_Core	359	263.07	174.476488674
all_Pan	359	57522.78	563.641704986
all_Core	360	262.35	173.760603993
all_Pan	360	57577.34	555.185630578
all_Core	361	261.61	172.950275802
all_Pan	361	57631.7	552.158229134
all_Core	362	261.18	172.63593948
all_Pan	362	57687.17	549.125068723
all_Core	363	260.8	172.323881108
all_Pan	363	57743.41	545.224707712
all_Core	364	260.35	172.374439811
all_Pan	364	57803.74	548.536682821
all_Core	365	259.89	172.039698616
all_Pan	365	57862.01	545.39995407
all_Core	366	259.32	171.46246703
all_Pan	366	57911.83	549.78726895
all_Core	367	258.89	171.624525928
all_Pan	367	57970.57	553.52651707
all_Core	368	258.53	171.635803666
all_Pan	368	58032.39	556.935990846
all_Core	369	258.17	171.513559522
all_Pan	369	58085.08	554.630718226
all_Core	370	257.96	171.54159379
all_Pan	370	58141.65	551.858666236
all_Core	371	257.24	170.683163786
all_Pan	371	58204.76	541.259403983
all_Core	372	256.74	170.300007046
all_Pan	372	58267.79	548.634437399
all_Core	373	256.32	169.774195919
all_Pan	373	58320.33	548.632045273
all_Core	374	255.79	169.508837233
all_Pan	374	58371.46	546.431064637
all_Core	375	254.97	168.748952886
all_Pan	375	58425.87	549.889909982
all_Core	376	254.55	168.326728418
all_Pan	376	58482.61	545.999979762
all_Core	377	254.17	168.0286913
all_Pan	377	58531.76	548.726600777
all_Core	378	253.34	167.182189243
all_Pan	378	58590.23	551.299770633
all_Core	379	253.15	167.121415444
all_Pan	379	58641.32	550.986440487
all_Core	380	252.75	167.02744535
all_Pan	380	58699.38	542.247467122
all_Core	381	252.47	166.963975456
all_Pan	381	58749.06	544.312811167
all_Core	382	252.04	166.562415929
all_Pan	382	58815.89	532.871145682
all_Core	383	248.26	165.469128238
all_Pan	383	58871.97	522.496688123
all_Core	384	247.86	164.946780508
all_Pan	384	58924.69	514.691668769
all_Core	385	247.61	164.868062098
all_Pan	385	58979.5	501.681721812
all_Core	386	247.29	164.644604831
all_Pan	386	59038.39	500.747239533
all_Core	387	246.88	164.39831386
all_Pan	387	59100.4	495.832108682
all_Core	388	246.39	164.267275804
all_Pan	388	59153.09	494.054270197
all_Core	389	242.9	163.249777948
all_Pan	389	59210.23	491.702956164
all_Core	390	242.34	162.592879303
all_Pan	390	59262.69	487.878954147
all_Core	391	241.94	162.382931369
all_Pan	391	59313.05	484.467880772
all_Core	392	241.66	162.359552845
all_Pan	392	59358.89	484.707847987
all_Core	393	237.3	159.660358261
all_Pan	393	59416.51	481.511941596
all_Core	394	236.97	159.353283932
all_Pan	394	59468.9	479.107493158
all_Core	395	236.6	159.183793145
all_Pan	395	59523.95	471.570405666
all_Core	396	236.21	159.034480224
all_Pan	396	59579.68	480.49746888
all_Core	397	235.7	158.613902291
all_Pan	397	59637.55	472.522832782
all_Core	398	231.91	156.39303661
all_Pan	398	59690.19	478.629641686
all_Core	399	231.54	156.201371313
all_Pan	399	59748.02	473.719220214
all_Core	400	227.96	154.454065664
all_Pan	400	59811.44	476.286895054
all_Core	401	227.68	154.407764053
all_Pan	401	59872.94	482.993060406
all_Core	402	223.54	152.133127227
all_Pan	402	59929.82	471.731287493
all_Core	403	223.05	151.903875856
all_Pan	403	59987.07	476.415160443
all_Core	404	222.57	151.649481041
all_Pan	404	60042.2	471.77305985
all_Core	405	221.88	151.384826188
all_Pan	405	60100.86	480.861394167
all_Core	406	221.47	151.241360414
all_Pan	406	60149.8	483.334625286
all_Core	407	217.95	149.455837959
all_Pan	407	60210.47	472.619349054
all_Core	408	217.61	149.09090482
all_Pan	408	60269.22	477.200724643
all_Core	409	217.38	149.166938696
all_Pan	409	60319.48	474.332825767
all_Core	410	217.07	148.971558024
all_Pan	410	60375.49	473.094800119
all_Core	411	212.66	144.727275937
all_Pan	411	60429.82	468.623737768
all_Core	412	212.31	144.454677667
all_Pan	412	60476.77	468.750612906
all_Core	413	211.99	144.139550089
all_Pan	413	60524.24	464.73945647
all_Core	414	211.42	143.498723339
all_Pan	414	60577.95	454.800711851
all_Core	415	211.29	143.442064611
all_Pan	415	60629.54	449.434720955
all_Core	416	210.87	143.02354037
all_Pan	416	60681.1	446.511108484
all_Core	417	210.71	143.002118516
all_Pan	417	60722.58	440.615051491
all_Core	418	210.42	142.992040338
all_Pan	418	60784.67	441.898111673
all_Core	419	209.92	142.425326399
all_Pan	419	60843.89	427.288518334
all_Core	420	209.41	142.088077966
all_Pan	420	60898.43	425.795191495
all_Core	421	208.9	141.196565114
all_Pan	421	60948.97	425.084308226
all_Core	422	205.53	139.187603974
all_Pan	422	60999.86	424.706840538
all_Core	423	202.07	136.78993055
all_Pan	423	61051.68	416.825668116
all_Core	424	201.93	136.812883531
all_Pan	424	61109.81	417.8015724
all_Core	425	198.33	134.404840315
all_Pan	425	61164.29	412.42364857
all_Core	426	197.99	133.865865328
all_Pan	426	61211.4	414.627181936
all_Core	427	197.58	133.666763258
all_Pan	427	61264.44	407.671002648
all_Core	428	197.34	133.459898097
all_Pan	428	61315.86	404.034256468
all_Core	429	193.89	130.898655073
all_Pan	429	61359.62	399.632876025
all_Core	430	193.53	130.333376769
all_Pan	430	61406.58	397.21040218
all_Core	431	193.16	130.144052496
all_Pan	431	61457.35	391.383018921
all_Core	432	189.21	126.043507965
all_Pan	432	61512.97	393.097887428
all_Core	433	188.99	126.099365185
all_Pan	433	61559.89	391.357302091
all_Core	434	185.55	123.068954249
all_Pan	434	61619.61	388.64325274
all_Core	435	185.25	122.817374585
all_Pan	435	61676.9	386.038508442
all_Core	436	184.9	122.378878897
all_Pan	436	61725.24	374.598561663
all_Core	437	184.62	122.43135056
all_Pan	437	61786.7	364.628399881
all_Core	438	184.37	122.373580073
all_Pan	438	61837.87	360.745939825
all_Core	439	184.15	122.188082479
all_Pan	439	61894.41	370.55893175
all_Core	440	183.97	122.212147923
all_Pan	440	61940.23	378.221730074
all_Core	441	183.63	121.695822032
all_Pan	441	61994.56	374.203081762
all_Core	442	182.96	120.832935907
all_Pan	442	62045.06	365.544821328
all_Core	443	176.16	114.196823073
all_Pan	443	62099.31	374.625324691
all_Core	444	175.93	114.274253881
all_Pan	444	62146.47	369.550360709
all_Core	445	175.68	114.172227796
all_Pan	445	62204.97	372.285225466
all_Core	446	175.48	114.071949225
all_Pan	446	62245.96	371.685214126
all_Core	447	175.07	114.213243978
all_Pan	447	62303.72	370.748380442
all_Core	448	171.61	110.882541006
all_Pan	448	62357.3	372.962719317
all_Core	449	171.44	110.852272868
all_Pan	449	62409.89	373.079291706
all_Core	450	171.17	110.709083187
all_Pan	450	62459.35	358.934405567
all_Core	451	170.66	109.956011204
all_Pan	451	62517.89	356.354174804
all_Core	452	163.49	100.178989314
all_Pan	452	62564.11	354.025984781
all_Core	453	163.31	100.212842989
all_Pan	453	62617.74	362.366875418
all_Core	454	163.1	100.199451096
all_Pan	454	62665.19	364.219101503
all_Core	455	162.93	99.7838919866
all_Pan	455	62714.01	358.294752822
all_Core	456	162.64	99.7569566496
all_Pan	456	62760.97	354.813992255
all_Core	457	162.5	99.8042584262
all_Pan	457	62808.69	345.600743489
all_Core	458	162.3	99.7383075854
all_Pan	458	62851.99	341.860307582
all_Core	459	161.95	99.6780191416
all_Pan	459	62901.05	345.445983476
all_Core	460	161.67	99.5785172615
all_Pan	460	62959.47	340.696681962
all_Core	461	161.32	99.5830186327
all_Pan	461	63009.58	338.692993137
all_Core	462	158.13	96.0832612894
all_Pan	462	63059.63	336.530939291
all_Core	463	157.87	96.0543236924
all_Pan	463	63101.34	337.277518373
all_Core	464	157.71	95.7491822419
all_Pan	464	63144.02	332.277865047
all_Core	465	157.34	95.6193725142
all_Pan	465	63199.9	335.742862917
all_Core	466	157.17	95.5045606241
all_Pan	466	63245.56	333.814209404
all_Core	467	153.43	90.1415836337
all_Pan	467	63296.38	335.062584602
all_Core	468	153.16	90.1859989134
all_Pan	468	63346.76	328.233639958
all_Core	469	152.87	90.032067065
all_Pan	469	63398.14	328.51313581
all_Core	470	152.63	90.1006831273
all_Pan	470	63454.3	322.935550846
all_Core	471	152.2	90.0264405605
all_Pan	471	63500.5	330.051677772
all_Core	472	151.65	89.2268317268
all_Pan	472	63554.04	335.200564439
all_Core	473	151.49	89.1458910999
all_Pan	473	63601.31	331.199960598
all_Core	474	151.1	88.6798173205
all_Pan	474	63642.09	328.64497851
all_Core	475	150.85	88.2925110074
all_Pan	475	63686.49	329.637239856
all_Core	476	150.72	88.221094983
all_Pan	476	63737.11	328.978597936
all_Core	477	150.43	87.7475076569
all_Pan	477	63785.21	329.153590137
all_Core	478	150.28	87.7605925231
all_Pan	478	63834.91	325.489787705
all_Core	479	150.19	87.7469879825
all_Pan	479	63883.63	317.128259699
all_Core	480	149.86	87.2366918217
all_Pan	480	63936.05	311.160806497
all_Core	481	149.37	86.762048731
all_Pan	481	63984.07	307.897393786
all_Core	482	148.81	85.1448994362
all_Pan	482	64038.87	309.315006264
all_Core	483	148.68	84.9398469507
all_Pan	483	64080.44	307.333184671
all_Core	484	148.47	84.9882880166
all_Pan	484	64126.36	309.132545035
all_Core	485	148.29	85.004740456
all_Pan	485	64174.72	305.006166495
all_Core	486	148.09	85.0312995314
all_Pan	486	64218.17	294.35913626
all_Core	487	147.78	84.9229745122
all_Pan	487	64264.3	285.285733958
all_Core	488	144.68	80.2296553651
all_Pan	488	64311.69	277.258676871
all_Core	489	144.49	80.2303552279
all_Pan	489	64356.91	281.843612487
all_Core	490	144.22	79.7529410116
all_Pan	490	64402.81	279.061344331
all_Core	491	144.02	79.7944835186
all_Pan	491	64451.04	275.315743102
all_Core	492	140.37	72.934443852
all_Pan	492	64501.77	270.496390179
all_Core	493	140.18	72.9849820169
all_Pan	493	64548.98	267.080399131
all_Core	494	139.94	72.9522885179
all_Pan	494	64591.83	262.993538134
all_Core	495	139.62	73.0159955078
all_Pan	495	64634.21	257.187025139
all_Core	496	139.3	72.3248919806
all_Pan	496	64681.89	250.533306967
all_Core	497	139.03	72.2777220172
all_Pan	497	64728.82	245.555589633
all_Core	498	138.99	72.2868584184
all_Pan	498	64765.47	241.680013861
all_Core	499	138.7	72.3482549893
all_Pan	499	64810.65	240.201056409
all_Core	500	138.03	71.1140569789
all_Pan	500	64860.66	237.613687316
all_Core	501	137.99	71.1227804575
all_Pan	501	64899.65	237.303028847
all_Core	502	137.83	71.1577198904
all_Pan	502	64944.0	237.946212409
all_Core	503	137.5	71.2221173513
all_Pan	503	64984.96	237.665728282
all_Core	504	137.2	71.2993688612
all_Pan	504	65031.81	232.366077343
all_Core	505	136.98	71.3383459298
all_Pan	505	65075.23	227.900586002
all_Core	506	136.86	71.2393177957
all_Pan	506	65121.54	222.796293506
all_Core	507	136.41	70.664290133
all_Pan	507	65168.09	224.90038217
all_Core	508	136.17	70.7191706682
all_Pan	508	65217.07	221.545356756
all_Core	509	133.05	65.2860436847
all_Pan	509	65268.68	215.960824225
all_Core	510	132.91	65.316015647
all_Pan	510	65313.94	215.639830273
all_Core	511	132.51	65.391359521
all_Pan	511	65365.99	219.939104981
all_Core	512	132.39	65.4210814646
all_Pan	512	65408.08	216.64739463
all_Core	513	132.2	65.3649753308
all_Pan	513	65452.68	212.212340829
all_Core	514	132.07	65.3483366276
all_Pan	514	65502.72	204.48286383
all_Core	515	131.85	65.3814002603
all_Pan	515	65551.17	194.466966604
all_Core	516	131.46	64.7701196541
all_Pan	516	65600.27	191.629687418
all_Core	517	130.91	63.5861769569
all_Pan	517	65647.53	187.973532977
all_Core	518	130.78	63.5629734987
all_Pan	518	65694.52	186.810250254
all_Core	519	130.51	63.4751124457
all_Pan	519	65742.53	185.963784377
all_Core	520	130.3	63.5116524742
all_Pan	520	65786.25	182.840716199
all_Core	521	126.99	55.7366118454
all_Pan	521	65834.5	178.398010079
all_Core	522	126.8	55.76540146
all_Pan	522	65878.6	173.990172136
all_Core	523	126.65	55.7918228776
all_Pan	523	65924.98	172.193785021
all_Core	524	126.42	55.5338059204
all_Pan	524	65981.24	161.378692522
all_Core	525	126.18	55.3709996298
all_Pan	525	66025.42	163.638453916
all_Core	526	126.1	55.3343473803
all_Pan	526	66071.59	156.452938291
all_Core	527	123.07	48.2740623938
all_Pan	527	66129.79	143.399950837
all_Core	528	122.89	48.1835853793
all_Pan	528	66172.18	142.665369309
all_Core	529	122.59	48.2263610487
all_Pan	529	66218.79	133.694000987
all_Core	530	122.42	48.1915303762
all_Pan	530	66263.67	126.261954286
all_Core	531	122.19	48.2198496472
all_Pan	531	66304.09	126.752443369
all_Core	532	122.01	47.7756203518
all_Pan	532	66345.46	123.304535196
all_Core	533	118.8	39.2958013024
all_Pan	533	66389.16	113.32111189
all_Core	534	115.78	27.9333420843
all_Pan	534	66432.52	106.536611547
all_Core	535	115.58	27.8277487411
all_Pan	535	66469.78	100.631861754
all_Core	536	115.53	27.8321594563
all_Pan	536	66508.14	96.1640286178
all_Core	537	115.4	27.8391810224
all_Pan	537	66552.89	83.7480620671
all_Core	538	115.16	27.8401580455
all_Pan	538	66596.26	72.4166583046
all_Core	539	115.02	27.8467161439
all_Pan	539	66637.72	68.938679999
all_Core	540	114.95	27.8518850349
all_Pan	540	66679.96	53.1392359749
all_Core	541	112.09	0.5673623181
all_Pan	541	66728.85	27.1493554251
all_Core	542	112.0	0.0
all_Pan	542	66766.0	0.0
