replicate	number_of_strains	number_of_orthologous_cluster	sd
pneumoniae_Core	1	5051.37	233.594976616
pneumoniae_Pan	1	5051.37	233.594976616
pneumoniae_Core	2	3831.8	481.274142252
pneumoniae_Pan	2	6232.77	433.217055412
pneumoniae_Core	3	3521.49	475.45770569
pneumoniae_Pan	3	7045.87	537.380287227
pneumoniae_Core	4	3258.07	518.127402383
pneumoniae_Pan	4	7780.75	546.156138389
pneumoniae_Core	5	3070.22	564.288730704
pneumoniae_Pan	5	8425.0	562.734146822
pneumoniae_Core	6	2963.86	540.726881522
pneumoniae_Pan	6	8969.84	564.548008942
pneumoniae_Core	7	2829.82	548.313803948
pneumoniae_Pan	7	9499.88	559.348661927
pneumoniae_Core	8	2722.67	528.038522364
pneumoniae_Pan	8	10023.46	574.772953783
pneumoniae_Core	9	2620.8	500.973532235
pneumoniae_Pan	9	10492.79	594.53844779
pneumoniae_Core	10	2550.62	485.140284454
pneumoniae_Pan	10	10919.9	609.337041382
pneumoniae_Core	11	2496.23	474.585732086
pneumoniae_Pan	11	11307.33	596.883389868
pneumoniae_Core	12	2443.25	462.857091876
pneumoniae_Pan	12	11683.97	596.200091496
pneumoniae_Core	13	2348.57	529.37025332
pneumoniae_Pan	13	12064.1	631.711271072
pneumoniae_Core	14	2293.93	516.00128401
pneumoniae_Pan	14	12431.14	630.252600471
pneumoniae_Core	15	2253.09	498.028776177
pneumoniae_Pan	15	12747.48	611.288303176
pneumoniae_Core	16	2170.29	505.785197391
pneumoniae_Pan	16	13116.39	611.931824552
pneumoniae_Core	17	2125.97	488.043163153
pneumoniae_Pan	17	13430.85	603.766848626
pneumoniae_Core	18	2082.27	474.08549556
pneumoniae_Pan	18	13738.86	582.861012935
pneumoniae_Core	19	2008.93	511.770050999
pneumoniae_Pan	19	14052.05	593.065668792
pneumoniae_Core	20	1969.71	497.509161624
pneumoniae_Pan	20	14355.11	566.481207014
pneumoniae_Core	21	1946.11	489.634310379
pneumoniae_Pan	21	14613.7	562.978711853
pneumoniae_Core	22	1921.98	485.477929055
pneumoniae_Pan	22	14871.56	563.745143128
pneumoniae_Core	23	1898.99	481.292956421
pneumoniae_Pan	23	15120.98	587.814902499
pneumoniae_Core	24	1860.85	471.592013821
pneumoniae_Pan	24	15393.02	591.33278245
pneumoniae_Core	25	1825.0	458.647947777
pneumoniae_Pan	25	15650.65	586.146540978
pneumoniae_Core	26	1803.93	451.067184685
pneumoniae_Pan	26	15884.94	576.485486721
pneumoniae_Core	27	1782.25	439.490736535
pneumoniae_Pan	27	16109.26	549.281250727
pneumoniae_Core	28	1751.94	455.034807899
pneumoniae_Pan	28	16317.62	555.895381884
pneumoniae_Core	29	1737.0	448.013928355
pneumoniae_Pan	29	16521.54	545.355928179
pneumoniae_Core	30	1711.91	444.224652513
pneumoniae_Pan	30	16743.69	554.80796128
pneumoniae_Core	31	1683.82	459.761381153
pneumoniae_Pan	31	16948.74	557.955977116
pneumoniae_Core	32	1653.92	467.391969978
pneumoniae_Pan	32	17153.35	542.129622415
pneumoniae_Core	33	1626.18	458.068081839
pneumoniae_Pan	33	17380.13	568.471998519
pneumoniae_Core	34	1597.31	465.336301937
pneumoniae_Pan	34	17580.95	554.478825114
pneumoniae_Core	35	1568.42	476.233034973
pneumoniae_Pan	35	17801.88	587.282747576
pneumoniae_Core	36	1535.97	476.475591295
pneumoniae_Pan	36	18014.29	576.148579708
pneumoniae_Core	37	1522.1	470.824266579
pneumoniae_Pan	37	18228.49	568.270243722
pneumoniae_Core	38	1509.4	464.622384308
pneumoniae_Pan	38	18414.62	559.147937133
pneumoniae_Core	39	1497.3	460.706164491
pneumoniae_Pan	39	18574.99	547.01357378
pneumoniae_Core	40	1457.17	477.149034475
pneumoniae_Pan	40	18755.0	554.787635046
pneumoniae_Core	41	1429.65	481.298397566
pneumoniae_Pan	41	18937.73	554.303794954
pneumoniae_Core	42	1408.33	489.746547818
pneumoniae_Pan	42	19116.59	558.933951286
pneumoniae_Core	43	1384.85	493.593301717
pneumoniae_Pan	43	19283.62	538.04198312
pneumoniae_Core	44	1363.84	496.376081616
pneumoniae_Pan	44	19422.17	545.270869477
pneumoniae_Core	45	1356.11	494.053618446
pneumoniae_Pan	45	19596.21	561.09341994
pneumoniae_Core	46	1347.07	490.922707868
pneumoniae_Pan	46	19748.42	559.970556012
pneumoniae_Core	47	1315.67	505.114700934
pneumoniae_Pan	47	19915.99	546.963627584
pneumoniae_Core	48	1309.44	502.585103639
pneumoniae_Pan	48	20061.13	533.963157062
pneumoniae_Core	49	1287.15	505.617194625
pneumoniae_Pan	49	20208.2	538.272496046
pneumoniae_Core	50	1277.96	501.35390534
pneumoniae_Pan	50	20357.42	552.753528799
pneumoniae_Core	51	1257.8	504.105604016
pneumoniae_Pan	51	20522.81	573.139855445
pneumoniae_Core	52	1248.14	499.746456115
pneumoniae_Pan	52	20668.29	580.95976272
pneumoniae_Core	53	1236.85	494.96921874
pneumoniae_Pan	53	20820.64	581.709214643
pneumoniae_Core	54	1206.98	505.202849952
pneumoniae_Pan	54	20979.31	578.656939732
pneumoniae_Core	55	1199.18	501.411794436
pneumoniae_Pan	55	21123.66	576.167323266
pneumoniae_Core	56	1192.25	499.211906408
pneumoniae_Pan	56	21246.32	573.03333027
pneumoniae_Core	57	1162.39	506.834270645
pneumoniae_Pan	57	21395.72	559.365123689
pneumoniae_Core	58	1136.83	516.074026764
pneumoniae_Pan	58	21536.1	568.188551451
pneumoniae_Core	59	1126.19	509.17308835
pneumoniae_Pan	59	21669.38	576.632860319
pneumoniae_Core	60	1119.65	506.143386305
pneumoniae_Pan	60	21790.63	568.949464452
pneumoniae_Core	61	1100.23	506.109985181
pneumoniae_Pan	61	21918.78	556.51890498
pneumoniae_Core	62	1091.65	502.272562958
pneumoniae_Pan	62	22055.85	550.224978986
pneumoniae_Core	63	1085.24	499.63456886
pneumoniae_Pan	63	22183.38	562.046684538
pneumoniae_Core	64	1079.23	496.785624893
pneumoniae_Pan	64	22304.86	558.953236327
pneumoniae_Core	65	1064.18	498.686281744
pneumoniae_Pan	65	22436.3	562.241416119
pneumoniae_Core	66	1058.33	496.262411532
pneumoniae_Pan	66	22566.89	569.831780353
pneumoniae_Core	67	1024.99	490.985182974
pneumoniae_Pan	67	22694.29	572.976549171
pneumoniae_Core	68	1017.85	487.556240346
pneumoniae_Pan	68	22824.27	567.319695674
pneumoniae_Core	69	1012.07	484.03116129
pneumoniae_Pan	69	22940.64	556.145080352
pneumoniae_Core	70	1008.87	482.36699006
pneumoniae_Pan	70	23055.59	553.247017073
pneumoniae_Core	71	997.45	485.785495358
pneumoniae_Pan	71	23168.99	549.973608367
pneumoniae_Core	72	994.34	484.798003709
pneumoniae_Pan	72	23274.13	558.914727933
pneumoniae_Core	73	986.08	481.704944546
pneumoniae_Pan	73	23395.29	554.262091343
pneumoniae_Core	74	970.68	481.588203344
pneumoniae_Pan	74	23515.35	549.495975872
pneumoniae_Core	75	955.39	481.434728598
pneumoniae_Pan	75	23633.3	547.126466185
pneumoniae_Core	76	928.65	482.209381389
pneumoniae_Pan	76	23756.26	540.859290759
pneumoniae_Core	77	909.27	476.264125355
pneumoniae_Pan	77	23886.63	529.206191479
pneumoniae_Core	78	905.77	474.822490095
pneumoniae_Pan	78	23996.25	532.550755797
pneumoniae_Core	79	898.17	469.036545591
pneumoniae_Pan	79	24116.84	533.599357571
pneumoniae_Core	80	893.09	467.709976267
pneumoniae_Pan	80	24232.32	536.021265996
pneumoniae_Core	81	880.72	468.639116592
pneumoniae_Pan	81	24337.17	540.841493508
pneumoniae_Core	82	870.42	471.299971992
pneumoniae_Pan	82	24447.67	545.741661503
pneumoniae_Core	83	856.88	471.760559606
pneumoniae_Pan	83	24574.08	546.569440785
pneumoniae_Core	84	851.78	468.0190932
pneumoniae_Pan	84	24679.1	550.754763938
pneumoniae_Core	85	847.73	466.705107214
pneumoniae_Pan	85	24781.85	555.82163281
pneumoniae_Core	86	832.3	463.061496996
pneumoniae_Pan	86	24886.01	544.169412867
pneumoniae_Core	87	817.16	459.645553008
pneumoniae_Pan	87	24993.1	523.179500745
pneumoniae_Core	88	803.56	457.032675418
pneumoniae_Pan	88	25099.27	525.750318212
pneumoniae_Core	89	800.31	455.017927009
pneumoniae_Pan	89	25198.68	521.436302534
pneumoniae_Core	90	794.49	450.942113691
pneumoniae_Pan	90	25307.19	511.660193781
pneumoniae_Core	91	790.79	448.52741934
pneumoniae_Pan	91	25413.84	504.972746195
pneumoniae_Core	92	786.68	445.376579537
pneumoniae_Pan	92	25515.32	509.959113655
pneumoniae_Core	93	775.68	445.695431433
pneumoniae_Pan	93	25625.81	503.087302463
pneumoniae_Core	94	771.46	444.072548577
pneumoniae_Pan	94	25724.85	504.470303883
pneumoniae_Core	95	759.54	443.021160217
pneumoniae_Pan	95	25822.0	501.272141656
pneumoniae_Core	96	756.27	440.701392215
pneumoniae_Pan	96	25914.52	498.271662449
pneumoniae_Core	97	752.24	438.565277239
pneumoniae_Pan	97	26017.25	502.70890931
pneumoniae_Core	98	749.4	436.485921881
pneumoniae_Pan	98	26108.06	496.764206037
pneumoniae_Core	99	746.42	434.578282476
pneumoniae_Pan	99	26209.89	494.93948913
pneumoniae_Core	100	743.34	432.506143771
pneumoniae_Pan	100	26297.02	486.308646438
pneumoniae_Core	101	740.47	430.514052152
pneumoniae_Pan	101	26382.29	481.858657596
pneumoniae_Core	102	719.15	427.870900506
pneumoniae_Pan	102	26493.2	473.342645448
pneumoniae_Core	103	716.04	425.844523741
pneumoniae_Pan	103	26579.67	468.982538161
pneumoniae_Core	104	704.34	424.033683096
pneumoniae_Pan	104	26668.06	472.064568041
pneumoniae_Core	105	702.18	422.882262101
pneumoniae_Pan	105	26751.63	470.677355627
pneumoniae_Core	106	690.51	420.381552759
pneumoniae_Pan	106	26844.58	466.377040172
pneumoniae_Core	107	686.66	417.922845032
pneumoniae_Pan	107	26937.19	464.581740816
pneumoniae_Core	108	682.97	416.302425047
pneumoniae_Pan	108	27026.63	455.441448597
pneumoniae_Core	109	679.93	413.658004999
pneumoniae_Pan	109	27104.61	460.053168558
pneumoniae_Core	110	674.57	409.129961137
pneumoniae_Pan	110	27204.68	452.040769843
pneumoniae_Core	111	663.43	406.371191277
pneumoniae_Pan	111	27293.45	460.002855969
pneumoniae_Core	112	660.87	405.365949606
pneumoniae_Pan	112	27383.61	457.885572933
pneumoniae_Core	113	656.99	402.911367301
pneumoniae_Pan	113	27473.86	451.610872765
pneumoniae_Core	114	645.61	399.386977629
pneumoniae_Pan	114	27568.51	458.052715198
pneumoniae_Core	115	636.02	397.520715938
pneumoniae_Pan	115	27654.24	460.990956961
pneumoniae_Core	116	633.0	396.089282864
pneumoniae_Pan	116	27737.85	460.352981418
pneumoniae_Core	117	630.88	394.61189237
pneumoniae_Pan	117	27822.67	455.291160797
pneumoniae_Core	118	614.09	393.061575202
pneumoniae_Pan	118	27904.64	460.644863642
pneumoniae_Core	119	610.56	390.9827188
pneumoniae_Pan	119	27989.58	465.499047905
pneumoniae_Core	120	600.85	388.350341187
pneumoniae_Pan	120	28078.32	453.478883301
pneumoniae_Core	121	598.08	386.887339674
pneumoniae_Pan	121	28162.66	463.996103863
pneumoniae_Core	122	595.04	384.646172995
pneumoniae_Pan	122	28242.16	465.498758752
pneumoniae_Core	123	591.47	381.773269232
pneumoniae_Pan	123	28325.11	460.887728086
pneumoniae_Core	124	590.3	381.025681549
pneumoniae_Pan	124	28405.27	460.17103027
pneumoniae_Core	125	580.93	378.92203037
pneumoniae_Pan	125	28487.12	466.199341055
pneumoniae_Core	126	578.29	376.650296562
pneumoniae_Pan	126	28574.55	459.852267038
pneumoniae_Core	127	576.11	374.402401034
pneumoniae_Pan	127	28653.67	453.869255513
pneumoniae_Core	128	573.45	373.480558396
pneumoniae_Pan	128	28738.7	446.482351275
pneumoniae_Core	129	571.57	372.018070932
pneumoniae_Pan	129	28810.06	452.07160539
pneumoniae_Core	130	546.59	364.604528085
pneumoniae_Pan	130	28886.62	446.945897844
pneumoniae_Core	131	545.26	363.709873938
pneumoniae_Pan	131	28961.1	444.520944388
pneumoniae_Core	132	543.82	362.893135234
pneumoniae_Pan	132	29036.15	439.191379128
pneumoniae_Core	133	532.74	356.727252113
pneumoniae_Pan	133	29119.6	433.518327179
pneumoniae_Core	134	531.33	355.989748588
pneumoniae_Pan	134	29202.92	435.914594387
pneumoniae_Core	135	528.81	354.792043175
pneumoniae_Pan	135	29287.04	421.226967798
pneumoniae_Core	136	519.55	351.912840772
pneumoniae_Pan	136	29380.35	413.126478817
pneumoniae_Core	137	516.28	348.951947408
pneumoniae_Pan	137	29452.0	412.788759537
pneumoniae_Core	138	511.7	343.947597753
pneumoniae_Pan	138	29531.89	405.266946469
pneumoniae_Core	139	496.48	340.07306509
pneumoniae_Pan	139	29618.12	392.005746897
pneumoniae_Core	140	495.17	338.996314287
pneumoniae_Pan	140	29691.64	390.967582288
pneumoniae_Core	141	494.2	338.9790554
pneumoniae_Pan	141	29756.43	389.553905256
pneumoniae_Core	142	482.97	332.328285134
pneumoniae_Pan	142	29830.6	387.189850074
pneumoniae_Core	143	467.37	326.226597781
pneumoniae_Pan	143	29906.55	393.003622757
pneumoniae_Core	144	465.88	325.502051606
pneumoniae_Pan	144	29976.3	401.022355985
pneumoniae_Core	145	463.84	323.156547822
pneumoniae_Pan	145	30038.96	394.271934583
pneumoniae_Core	146	449.04	317.49853291
pneumoniae_Pan	146	30116.7	396.390047806
pneumoniae_Core	147	447.28	316.281143289
pneumoniae_Pan	147	30185.11	386.71156939
pneumoniae_Core	148	438.67	310.989101256
pneumoniae_Pan	148	30261.33	375.80561611
pneumoniae_Core	149	437.23	310.195611026
pneumoniae_Pan	149	30332.26	379.269050148
pneumoniae_Core	150	427.79	302.352816921
pneumoniae_Pan	150	30418.36	376.730846096
pneumoniae_Core	151	418.95	296.214158169
pneumoniae_Pan	151	30497.5	379.293013381
pneumoniae_Core	152	417.58	294.950442617
pneumoniae_Pan	152	30571.11	374.729286152
pneumoniae_Core	153	416.08	293.969409293
pneumoniae_Pan	153	30643.01	350.11539512
pneumoniae_Core	154	414.04	292.383033707
pneumoniae_Pan	154	30718.69	354.132198338
pneumoniae_Core	155	412.59	292.20349399
pneumoniae_Pan	155	30786.7	360.16411537
pneumoniae_Core	156	411.88	292.083388093
pneumoniae_Pan	156	30855.32	357.738951751
pneumoniae_Core	157	410.39	291.3353015
pneumoniae_Pan	157	30928.77	343.32884688
pneumoniae_Core	158	408.37	290.218009607
pneumoniae_Pan	158	31001.25	335.379527551
pneumoniae_Core	159	405.93	287.185767579
pneumoniae_Pan	159	31075.48	330.95632582
pneumoniae_Core	160	397.94	281.680095853
pneumoniae_Pan	160	31140.14	338.799233175
pneumoniae_Core	161	396.49	280.900711818
pneumoniae_Pan	161	31213.66	340.915421182
pneumoniae_Core	162	389.13	275.858356952
pneumoniae_Pan	162	31280.06	336.763056762
pneumoniae_Core	163	388.13	274.982168695
pneumoniae_Pan	163	31342.01	342.758705068
pneumoniae_Core	164	380.46	270.052380845
pneumoniae_Pan	164	31416.15	339.437928788
pneumoniae_Core	165	378.73	269.076675132
pneumoniae_Pan	165	31477.43	340.929501657
pneumoniae_Core	166	376.81	267.63649583
pneumoniae_Pan	166	31537.49	334.822116802
pneumoniae_Core	167	363.12	258.553022802
pneumoniae_Pan	167	31617.17	330.684927234
pneumoniae_Core	168	361.14	257.292907792
pneumoniae_Pan	168	31684.9	324.621579689
pneumoniae_Core	169	360.46	257.143633792
pneumoniae_Pan	169	31754.33	326.531378431
pneumoniae_Core	170	358.89	255.721328598
pneumoniae_Pan	170	31821.8	324.096590541
pneumoniae_Core	171	357.25	254.502391934
pneumoniae_Pan	171	31899.62	325.752598762
pneumoniae_Core	172	356.13	254.707622776
pneumoniae_Pan	172	31973.28	324.794368178
pneumoniae_Core	173	355.39	253.953534923
pneumoniae_Pan	173	32038.55	326.65306902
pneumoniae_Core	174	354.01	252.481860537
pneumoniae_Pan	174	32101.83	322.002952005
pneumoniae_Core	175	339.67	240.071491644
pneumoniae_Pan	175	32168.29	320.796829629
pneumoniae_Core	176	337.92	237.985196178
pneumoniae_Pan	176	32230.33	322.861458059
pneumoniae_Core	177	331.04	233.348062773
pneumoniae_Pan	177	32292.41	324.331746673
pneumoniae_Core	178	323.92	227.912820175
pneumoniae_Pan	178	32353.58	322.533910775
pneumoniae_Core	179	322.79	227.551325859
pneumoniae_Pan	179	32414.07	325.44441169
pneumoniae_Core	180	321.11	225.119430303
pneumoniae_Pan	180	32475.65	325.272635646
pneumoniae_Core	181	314.24	218.879195905
pneumoniae_Pan	181	32538.69	320.111970879
pneumoniae_Core	182	313.55	218.491481527
pneumoniae_Pan	182	32607.32	306.149306058
pneumoniae_Core	183	312.74	218.47959264
pneumoniae_Pan	183	32666.31	302.002870682
pneumoniae_Core	184	306.26	212.649411944
pneumoniae_Pan	184	32724.75	302.271148971
pneumoniae_Core	185	299.86	207.047097058
pneumoniae_Pan	185	32793.96	303.511381006
pneumoniae_Core	186	298.95	206.366875976
pneumoniae_Pan	186	32854.13	293.324791145
pneumoniae_Core	187	298.0	206.254551465
pneumoniae_Pan	187	32914.09	291.491889939
pneumoniae_Core	188	297.29	206.270176952
pneumoniae_Pan	188	32976.47	291.313661025
pneumoniae_Core	189	296.5	205.222781386
pneumoniae_Pan	189	33046.04	280.03692328
pneumoniae_Core	190	295.42	204.01192024
pneumoniae_Pan	190	33104.28	277.025055907
pneumoniae_Core	191	294.67	203.474472846
pneumoniae_Pan	191	33160.35	268.673049449
pneumoniae_Core	192	276.31	184.066004194
pneumoniae_Pan	192	33226.52	264.972394034
pneumoniae_Core	193	269.28	176.372281269
pneumoniae_Pan	193	33297.32	265.492029259
pneumoniae_Core	194	268.32	175.772516623
pneumoniae_Pan	194	33351.55	254.241710779
pneumoniae_Core	195	262.2	168.997928981
pneumoniae_Pan	195	33416.22	248.323602583
pneumoniae_Core	196	255.76	160.92427536
pneumoniae_Pan	196	33479.82	243.90138909
pneumoniae_Core	197	254.91	160.921974572
pneumoniae_Pan	197	33536.18	235.829742823
pneumoniae_Core	198	248.31	153.513562593
pneumoniae_Pan	198	33602.53	233.213569717
pneumoniae_Core	199	246.95	151.721545932
pneumoniae_Pan	199	33665.07	226.002489146
pneumoniae_Core	200	241.07	143.594098416
pneumoniae_Pan	200	33718.44	220.174082035
pneumoniae_Core	201	240.14	143.3494346
pneumoniae_Pan	201	33782.42	213.008458987
pneumoniae_Core	202	239.35	143.194718827
pneumoniae_Pan	202	33842.96	197.340108442
pneumoniae_Core	203	238.72	142.652240081
pneumoniae_Pan	203	33909.36	185.36334697
pneumoniae_Core	204	237.97	142.604029045
pneumoniae_Pan	204	33971.36	178.811326263
pneumoniae_Core	205	231.7	131.915995997
pneumoniae_Pan	205	34024.91	173.512598678
pneumoniae_Core	206	225.6	121.068823402
pneumoniae_Pan	206	34081.07	166.152174527
pneumoniae_Core	207	219.33	109.291175765
pneumoniae_Pan	207	34141.05	160.926341846
pneumoniae_Core	208	218.5	109.323876624
pneumoniae_Pan	208	34191.33	164.573695043
pneumoniae_Core	209	217.98	109.422390762
pneumoniae_Pan	209	34251.34	155.901393195
pneumoniae_Core	210	217.44	109.417029753
pneumoniae_Pan	210	34308.38	147.715048658
pneumoniae_Core	211	216.76	109.100148488
pneumoniae_Pan	211	34358.27	139.600276146
pneumoniae_Core	212	210.57	94.6457875449
pneumoniae_Pan	212	34419.73	130.354965767
pneumoniae_Core	213	204.76	79.3523937887
pneumoniae_Pan	213	34482.17	115.303257109
pneumoniae_Core	214	203.98	78.8414840043
pneumoniae_Pan	214	34537.72	106.798977523
pneumoniae_Core	215	198.13	57.4942875423
pneumoniae_Pan	215	34595.11	87.2314043221
pneumoniae_Core	216	197.38	57.5261297151
pneumoniae_Pan	216	34649.08	79.9790822653
pneumoniae_Core	217	196.86	57.5491129384
pneumoniae_Pan	217	34703.43	77.1830622611
pneumoniae_Core	218	195.84	52.6178144738
pneumoniae_Pan	218	34758.24	57.734412615
pneumoniae_Core	219	190.0	0.0
pneumoniae_Pan	219	34816.0	0.0
