replicate	number_of_strains	number_of_orthologous_cluster	sd
varicula_Core	1	5292.44	246.27741756
varicula_Pan	1	5292.44	246.27741756
varicula_Core	2	4374.42	290.354858062
varicula_Pan	2	6198.86	404.603905567
varicula_Core	3	4146.98	309.486541872
varicula_Pan	3	6878.71	445.37510696
varicula_Core	4	4002.07	315.018864673
varicula_Pan	4	7464.54	451.057544444
varicula_Core	5	3899.12	323.556309782
varicula_Pan	5	7936.06	466.370278212
varicula_Core	6	3812.59	325.99991089
varicula_Pan	6	8409.8	484.43901577
varicula_Core	7	3743.37	315.837004007
varicula_Pan	7	8856.74	476.998776099
varicula_Core	8	3681.59	316.858488761
varicula_Pan	8	9282.23	484.801007734
varicula_Core	9	3623.58	302.124053329
varicula_Pan	9	9684.45	488.815739824
varicula_Core	10	3570.61	303.970356943
varicula_Pan	10	10092.81	500.528534551
varicula_Core	11	3504.75	315.107961658
varicula_Pan	11	10452.43	507.35420083
varicula_Core	12	3459.89	304.622681198
varicula_Pan	12	10815.54	493.141793402
varicula_Core	13	3409.3	313.50555019
varicula_Pan	13	11116.59	526.549790523
varicula_Core	14	3380.03	319.232030191
varicula_Pan	14	11441.63	540.283271164
varicula_Core	15	3348.27	317.639067339
varicula_Pan	15	11742.05	544.298491179
varicula_Core	16	3310.24	314.714763556
varicula_Pan	16	12047.77	528.00187225
varicula_Core	17	3263.29	306.130439356
varicula_Pan	17	12358.59	507.025149179
varicula_Core	18	3233.96	311.34899775
varicula_Pan	18	12619.31	529.728452983
varicula_Core	19	3204.1	311.805660629
varicula_Pan	19	12904.67	553.387640899
varicula_Core	20	3179.1	311.61545212
varicula_Pan	20	13142.72	558.974061652
varicula_Core	21	3145.1	312.70965767
varicula_Pan	21	13401.7	572.909582744
varicula_Core	22	3102.11	303.266512988
varicula_Pan	22	13675.14	558.385422804
varicula_Core	23	3077.15	295.426247141
varicula_Pan	23	13916.65	554.415608997
varicula_Core	24	3052.64	284.837691326
varicula_Pan	24	14164.43	555.209658688
varicula_Core	25	3029.17	277.930748749
varicula_Pan	25	14403.54	567.630732431
varicula_Core	26	3008.68	270.784374734
varicula_Pan	26	14647.46	574.435521534
varicula_Core	27	2981.5	270.364513204
varicula_Pan	27	14890.19	575.505737504
varicula_Core	28	2953.12	265.131072491
varicula_Pan	28	15124.58	567.269321927
varicula_Core	29	2930.91	273.672070003
varicula_Pan	29	15356.68	562.125606604
varicula_Core	30	2901.88	268.851196017
varicula_Pan	30	15569.21	546.155477772
varicula_Core	31	2874.49	266.403697234
varicula_Pan	31	15793.58	540.162941713
varicula_Core	32	2832.49	263.089623323
varicula_Pan	32	16049.0	546.2549954
varicula_Core	33	2812.53	261.864677076
varicula_Pan	33	16260.51	531.306192228
varicula_Core	34	2782.34	260.227947
varicula_Pan	34	16462.65	529.678664381
varicula_Core	35	2759.69	253.15733033
varicula_Pan	35	16674.62	524.508356082
varicula_Core	36	2735.75	258.140983767
varicula_Pan	36	16886.97	520.561628532
varicula_Core	37	2714.42	252.41446789
varicula_Pan	37	17077.05	523.603635874
varicula_Core	38	2694.13	245.271142004
varicula_Pan	38	17254.36	530.979011261
varicula_Core	39	2663.89	241.275481349
varicula_Pan	39	17459.98	539.080067893
varicula_Core	40	2640.35	237.916976065
varicula_Pan	40	17650.02	536.672767709
varicula_Core	41	2615.74	229.373477979
varicula_Pan	41	17854.7	524.722945944
varicula_Core	42	2600.11	224.772324586
varicula_Pan	42	18038.41	523.409153435
varicula_Core	43	2573.27	216.518860841
varicula_Pan	43	18220.67	504.772306194
varicula_Core	44	2557.12	216.677146003
varicula_Pan	44	18395.56	514.508567859
varicula_Core	45	2536.88	212.45113697
varicula_Pan	45	18573.24	521.474220264
varicula_Core	46	2519.77	208.661249637
varicula_Pan	46	18755.5	519.96141203
varicula_Core	47	2497.39	203.302183707
varicula_Pan	47	18932.27	519.63194388
varicula_Core	48	2479.05	205.741214879
varicula_Pan	48	19125.82	541.69252127
varicula_Core	49	2465.59	204.90222522
varicula_Pan	49	19272.84	523.252839839
varicula_Core	50	2453.92	207.516538136
varicula_Pan	50	19434.94	545.991461838
varicula_Core	51	2436.06	206.826972129
varicula_Pan	51	19599.55	547.675531223
varicula_Core	52	2425.95	206.426276186
varicula_Pan	52	19756.27	546.106964889
varicula_Core	53	2410.4	204.413013284
varicula_Pan	53	19910.37	553.960551935
varicula_Core	54	2392.04	205.11820592
varicula_Pan	54	20069.89	552.903425473
varicula_Core	55	2378.09	207.302295935
varicula_Pan	55	20225.84	535.26342524
varicula_Core	56	2358.76	204.770072032
varicula_Pan	56	20386.76	541.959410288
varicula_Core	57	2341.93	203.452562284
varicula_Pan	57	20541.44	547.747064255
varicula_Core	58	2332.86	203.129220941
varicula_Pan	58	20683.99	548.942774704
varicula_Core	59	2322.96	203.120305238
varicula_Pan	59	20839.88	547.098040209
varicula_Core	60	2307.89	200.87059989
varicula_Pan	60	20982.66	542.284209986
varicula_Core	61	2297.69	199.449126095
varicula_Pan	61	21118.71	534.63490898
varicula_Core	62	2285.48	191.069174908
varicula_Pan	62	21246.7	534.628123091
varicula_Core	63	2267.91	190.966651277
varicula_Pan	63	21399.21	540.350428796
varicula_Core	64	2253.46	189.104807977
varicula_Pan	64	21537.84	519.729885998
varicula_Core	65	2244.88	188.605210957
varicula_Pan	65	21683.99	521.865662695
varicula_Core	66	2236.01	191.459264336
varicula_Pan	66	21806.02	520.370252416
varicula_Core	67	2214.93	189.467636023
varicula_Pan	67	21950.76	501.755261457
varicula_Core	68	2200.43	187.560563819
varicula_Pan	68	22106.92	507.121773936
varicula_Core	69	2189.37	187.023402546
varicula_Pan	69	22241.03	505.738538278
varicula_Core	70	2180.1	183.46288453
varicula_Pan	70	22373.7	499.375800375
varicula_Core	71	2169.87	182.163918217
varicula_Pan	71	22501.1	495.995534254
varicula_Core	72	2154.76	170.423831667
varicula_Pan	72	22637.13	478.594058781
varicula_Core	73	2143.36	173.07036257
varicula_Pan	73	22771.26	469.863099636
varicula_Core	74	2137.2	169.243847746
varicula_Pan	74	22901.61	456.384703841
varicula_Core	75	2125.65	167.453239742
varicula_Pan	75	23026.61	450.449484293
varicula_Core	76	2115.36	160.447219982
varicula_Pan	76	23157.32	427.433570979
varicula_Core	77	2108.17	160.162670744
varicula_Pan	77	23282.08	428.042467052
varicula_Core	78	2097.93	159.119530857
varicula_Pan	78	23396.06	425.282066869
varicula_Core	79	2090.47	159.230553287
varicula_Pan	79	23507.48	409.184737741
varicula_Core	80	2080.45	155.801949603
varicula_Pan	80	23642.88	399.082103833
varicula_Core	81	2072.32	150.366411143
varicula_Pan	81	23768.84	394.107567042
varicula_Core	82	2064.82	145.541566571
varicula_Pan	82	23887.34	376.95270844
varicula_Core	83	2060.79	144.602095075
varicula_Pan	83	23990.75	373.974394177
varicula_Core	84	2054.84	142.896586383
varicula_Pan	84	24109.71	375.353254815
varicula_Core	85	2046.93	143.080065348
varicula_Pan	85	24223.34	373.856930389
varicula_Core	86	2038.63	140.324527792
varicula_Pan	86	24338.09	368.259422011
varicula_Core	87	2026.92	135.854751849
varicula_Pan	87	24450.11	364.539075958
varicula_Core	88	2011.01	131.535356083
varicula_Pan	88	24583.43	359.827993769
varicula_Core	89	1997.28	124.677029159
varicula_Pan	89	24701.52	341.489076838
varicula_Core	90	1986.91	119.70865424
varicula_Pan	90	24823.94	336.190208662
varicula_Core	91	1979.63	115.585176818
varicula_Pan	91	24938.8	323.073428186
varicula_Core	92	1973.87	115.575573111
varicula_Pan	92	25039.06	322.298365494
varicula_Core	93	1966.88	113.211596579
varicula_Pan	93	25147.1	307.780132562
varicula_Core	94	1956.01	103.261754295
varicula_Pan	94	25269.13	308.166177735
varicula_Core	95	1945.77	91.8499706042
varicula_Pan	95	25369.68	293.672364379
varicula_Core	96	1938.75	87.5075282476
varicula_Pan	96	25490.2	272.430688433
varicula_Core	97	1930.66	84.0586961593
varicula_Pan	97	25588.6	267.506411138
varicula_Core	98	1925.79	83.4546936966
varicula_Pan	98	25691.33	263.222607502
varicula_Core	99	1919.91	78.8366786464
varicula_Pan	99	25794.62	240.411845798
varicula_Core	100	1914.64	76.8288383356
varicula_Pan	100	25888.5	238.506876211
varicula_Core	101	1910.1	75.2912345496
varicula_Pan	101	25987.55	231.140449727
varicula_Core	102	1902.8	69.7027976483
varicula_Pan	102	26082.99	210.245308866
varicula_Core	103	1894.49	61.9295559487
varicula_Pan	103	26180.69	191.726142975
varicula_Core	104	1885.56	52.2697465079
varicula_Pan	104	26285.05	175.987350398
varicula_Core	105	1877.67	46.9288940846
varicula_Pan	105	26382.04	165.011267494
varicula_Core	106	1872.91	47.0512688458
varicula_Pan	106	26477.32	140.745719651
varicula_Core	107	1867.1	39.9300638617
varicula_Pan	107	26583.06	108.224379878
varicula_Core	108	1858.73	24.2470018765
varicula_Pan	108	26687.51	70.7876394577
varicula_Core	109	1852.0	0.0
varicula_Pan	109	26782.0	0.0
